COSMOS 2433 (720)       
1 32275U 07052A   23353.08492181 -.00000037  00000+0  00000+0 0  9991
2 32275  65.9946 346.4161 0005439 260.8420  99.1166  2.13103911125649
COSMOS 2432 (719)       
1 32276U 07052B   23353.31361856 -.00000038  00000+0  00000+0 0  9993
2 32276  66.0092 346.5190 0011795 315.0233 167.1280  2.13103148125672
COSMOS 2434 (721)       
1 32393U 07065A   23353.06709281  .00000049  00000+0  00000+0 0  9998
2 32393  64.3264 222.7174 0004459  72.5544 165.2731  2.13103029124352
COSMOS 2436 (723)       
1 32395U 07065C   23352.86298402  .00000048  00000+0  00000+0 0  9994
2 32395  64.3351 222.7870 0017136   7.0716 209.5475  2.13102660124306
COSMOS 2456 (730)       
1 36111U 09070A   23353.48612281  .00000013  00000+0  00000+0 0  9998
2 36111  64.5350 102.1611 0002555 297.0926  59.7736  2.13098844109018
COSMOS 2457 (733)       
1 36112U 09070B   23353.38713122  .00000014  00000+0  00000+0 0  9995
2 36112  64.5191 102.0273 0005751 162.3988 250.1486  2.13101031109021
COSMOS 2460 (732)       
1 36402U 10007C   23353.58958670 -.00000039  00000+0  00000+0 0  9998
2 36402  65.8548 345.0966 0002837 282.4300 275.1012  2.13106122107414
COSMOS 2476 (744)       
1 37867U 11064A   23353.56069550  .00000016  00000+0  00000+0 0  9990
2 37867  64.8127 103.7260 0022871 232.8946  91.4184  2.13101516 94352
COSMOS 2477 (745)       
1 37868U 11064B   23353.54530623  .00000017  00000+0  00000+0 0  9994
2 37868  64.8199 103.7971 0020053 233.2821 257.0488  2.13101324 94352
COSMOS 2475 (743)       
1 37869U 11064C   23353.54547344  .00000017  00000+0  00000+0 0  9993
2 37869  64.8271 103.8103 0024301 249.9468 199.0908  2.13101525 94369
COSMOS 2485 (747)       
1 39155U 13019A   23353.54908806  .00000018  00000+0  00000+0 0  9990
2 39155  64.9720 104.2726 0023296 229.0158 130.7801  2.13101554 82871
COSMOS 2492 (754)       
1 39620U 14012A   23353.03531918 -.00000037  00000+0  00000+0 0  9993
2 39620  65.7378 344.7184 0014891 313.7731  46.1218  2.13103000 75821
COSMOS 2500 (755)       
1 40001U 14032A   23353.21719200 -.00000038  00000+0  00000+0 0  9993
2 40001  65.6759 344.5315 0007729 224.4352 135.5209  2.13105841 74042
COSMOS 2501 (702K)      
1 40315U 14075A   23352.06072505  .00000050  00000+0  00000+0 0  9993
2 40315  63.6293 222.0135 0018138 204.8933 155.1014  2.13101220 70410
COSMOS 2514 (751)       
1 41330U 16008A   23352.98074081 -.00000038  00000+0  00000+0 0  9998
2 41330  65.4722 344.0944 0011770 224.5512 135.3718  2.13102540 61209
COSMOS 2522 (752)       
1 42939U 17055A   23353.29142443  .00000049  00000+0  00000+0 0  9991
2 42939  64.0898 222.9574 0005746 235.1945 124.8302  2.13101909 48565
COSMOS 2527 (756)       
1 43508U 18053A   23353.25005423  .00000022  00000+0  00000+0 0  9996
2 43508  65.1329 104.3971 0008684 222.3187 137.6122  2.13102230 42860
COSMOS 2529 (757)       
1 43687U 18086A   23353.34947264  .00000048  00000+0  00000+0 0  9996
2 43687  64.3052 223.4195 0007297 266.5287  93.4666  2.13101963 39874
COSMOS 2534 (758)       
1 44299U 19030A   23353.40849851  .00000048  00000+0  00000+0 0  9996
2 44299  64.3778 223.3538 0009967 291.9332 247.5584  2.13101760 35511
COSMOS 2544 (759)       
1 44850U 19088A   23353.19389725  .00000022  00000+0  00000+0 0  9999
2 44850  65.1191 104.2398 0012855 250.3471 109.5124  2.13101999 31300
COSMOS 2545 (760)       
1 45358U 20018A   23352.45227272 -.00000038  00000+0  00000+0 0  9992
2 45358  64.8126 344.2717 0011738 253.6479 106.2406  2.13102428 29236
COSMOS 2547 (705K)      
1 46805U 20075A   23353.11014135  .00000048  00000+0  00000+0 0  9999
2 46805  64.6060 222.9515 0005689 238.2061 121.8177  2.13102801 24497
COSMOS 2557 (706K)      
1 52984U 22075A   23353.27326718 -.00000041  00000+0  00000+0 0  9990
2 52984  64.7326 346.3913 0014141 280.5976  79.2630  2.13101823 11308
COSMOS 2559 (707K)      
1 54031U 22130A   23353.21560073 -.00000041  00000+0  00000+0 0  9995
2 54031  64.7040 346.5172 0007662 236.2291 123.7181  2.13101140  9274
COSMOS 2564 (761)       
1 54377U 22161A   23352.93894272  .00000048  00000+0  00000+0 0  9997
2 54377  64.7467 223.0292 0007502 211.0944 148.9408  2.13102112  8215
COSMOS 2569 (703K)      
1 57517U 23114A   23352.95760541  .00000022  00000+0  00000+0 0  9990
2 57517  64.8430 103.4630 0009863 291.5079  68.3861  2.13104044  2843